4022
6969
1534
8063
4599
9137
3791
5814
9073
7397
9840
1066
571
4461
1368
4216
2944
6844
8111
4066
1440
5710
1716
4461
9578
702
2778
8629
6713
1783
6861
4330
8530
6413
1502
4816
456
4418
2459
3461
3256
644
8128
9778
1029
6247
6419
2997
8535
1184
8335
435
6231
869
3700
3040
5841
6672
1029
4058
9059
3527
2660
6657
8126
3602
463
5847
2877
177
4856
6229
356
3206
258
9634
6905
3216
2818
6079
8192
7540
7660
3993
1510
3668
8911
3760
5464
7956
834
6723
1944
6331
6139
3580
880
5334
5832
2633
955
7248
8138
3264
9295
1013
5884
4329
5914
6987
7758
1249
2912
2101
7849
976
6666
9584
9706
2222
7740
3490
5946
4933
5715
3205
552
9622
3734
3762
4315
4588
7533
4618
8635
1905
4266
6217
9421
4515
6288
4375
7156
8487
5111
5751
1596
1047
2866
5547
1455
6449
7848
2382
4165
3650
7769
8367
4907
8121
3728
3765
7749
9733
4613
8737
9846
9347
7054
2959
4929
7076
8298
1637
2923
9684
7851
9114
6042
4149
7639
338
8033
9833
1041
3429
7656
3789
9719
6208
2443
3083
9909
9170
3739
3416
9118
6240
3753
2708
5623
9781
5836
8282
7843
3365
1971
5806
6090
2376
9104
8613
4904
8956
4199
9053
814
3318
9934
6650
197
2631
1950
7136
1447
1861
6960
9677
7464
7212
1456
8777
3223
3664
4014
1032
7418
9833
1843
4354
9332
2869
4723
9267
5347
693
8256
4051
159
3863
4528
3985
1959
6869
4508
4019
8174
8787
1765
1482
7064
5211
3892
4510
5080
4766
5855
9908
6712
5896
6501
2856
2985
1331
7709
7041
6457
4564
7893
80
585
1700
9452
4490
7655
1178
4995
2314
127
4440
2915
5143
6530
6230
7195
1279
6495
8382
8171
1223
9845
8045
615
682
6732
5423
4941
7524
1528
3524
367
1485
8937
1256
9350
3277
375
6697
2348
9423
2715
8465
4816
4846
894
4898
5367
5079
8460
262
5297
9297
6242
4310
1648
4069
629
1630
6078
6075
2622
4198
7009
7817
2737
9449
7417
6257
563
855
897
3645
2464
7693
7762
1598
1995
2628
3795
8239
5162
4652
8111
1948
1994
252
921
8382
3460
8893
3275
4411
2193
2486
3954
9364
9739
5055
5661
1405
9425
4103
8545
220
1183
153
8486
9196
2288
2807
4978
7930
2038
8847
954
6325
898
3781
4884
9485
5054
5761
2460
6038
226
8799
9114
7525
6095
8003
6650
1931
1515
1315
2306
4966
2863
5717
8935
8289
500
7032
4591
7752
2714
4594
9850
488
8073
4966
1650
7141
8302
9675
9380
2781
1867
9751
2638
2934
45
1315
2852
6464
2611
1509
955
2880
886
2184
8658
8053
5924
2968
5396
8174
7622
1437
4178
2133
3791
2281
3382
9343
686
6905
708
9044
3058
6804
9158
398
9019
3278
454
7653
7106
6818
4754
9028
2655
1748
169
9055
2360
6081
6480
4496
1831
6665
4509
4947
7909
825
2430
4874
9830
7512
70
4353
4067
5602
7729
8066
8268
5251
4192
4732
3400
986
8373
7587
985
3225
7298
6899
107
8732
4634
9604
9523
5651
3842
4075
2051
655
6117
996
8591
1864
8287
4095
3860
8909
6813
1301
2425
3426
9792
347
2724
189
1999
3301
8926
9613
973
5347
3186
4433
208
987
5998
3833
7474
6068
7771
8536
2854
3930
1509
416
5696
905
2140
4497
4539
4247
8367
453
7178
611
7830
2323
5343
7516
6879
4845
6646
2430
2247
8481
1518
7414
5361
6446
4095
2694
4244
4476
1498
791
9751
6651
749
3279
253
7540
5978
6982
8948
1688
2932
1697
7377
1092
8318
3896
105
8618
8179
8793
3156
410
9815
3194
4550
8854
9825
5805
1729
5129
9459
8910
6248
9523
7430
341
2791
9488
8150
9173
3446
2949
1302
7292
4438
7669
6548
218
7341
1515
1241
2995
5052
5220
421
2538
500
6606
8335
3014
3569
9973
2051
4097
4460
1440
8304
2733
2578
8395
6418
4410
4510
7413
2529
9009
1041
7958
5199
8734
5468
34
2259
6302
1880
8558
6449
6662
8745
259
6742
9910
5260
912
4968
2197
472
2719
5063
1419
5706
3977
3315
1372
5994
8068
2950
7548
2384
765
3012
2964
5868
3279
9420
7374
4437
335
9149
1737
1047
4552
439
1702
4066
4409
7229
4559
5817
5414
6471
4095
8764
9928
1292
6266
6532
2694
4899
8003
2246
8771
7210
4646
8085
2830
3281
8905
802
5666
9070
3469
3745
1684
2420
9524
7783
6326
7943
8081
7278
2987
8701
2935
4933
2060
6645
9369
2066
3963
8947
3034
3058
1758
3697
2631
3600
8939
1563
9246
4502
5499
1856
8491
8564
402
9148
2595
5002
3090
5626
5940
5250
2631
1403
9512
7855
6131
2641
4769
1122
6799
8874
3266
1251
6450
216
1445
3054
2048
7506
7702
5577
2909
9663
5355
631
353
3685
6422
3183
5917
4015
4935
7002
8443
8330
8275
89
6475
1525
5792
4991
639
1541
6288
2829
966
9289
1824
438
6710
839
214
7084
6614
4357
9200
9326
730
3959
4300
8899
834
2224
83
2704
3655
904
5858
2142
2651
4102
7686
3620
2327
4523
5264
4968
3177
6569
4381
2168
9308
9541
5156
9547
5882
7707
3218
7579
6989
6581
2212
4260
2500
5190
4262
4476
1700
9186
9037
6887
2024
6651
4522
1591
3767
1853
2595
1525
9223
2222
6521
5744
1773
1078
6523
6308
5297
6202
8292
5471
9914
6988
5273
5608
7776
6992
8187
2787
8528
6825
3983
1316
6578
9282
3659
4984
9755
9558
1027
9798
7978
3891
3051
5306
977
6025
299
3302
6657
5534
8277
582
6928
8100
4315
468
3516
648
3815
7398
3474
7774
349
4484
7574
9662
6021
4600
3055
1413
7645
2371
1437
1559
9033
4523
2326
6026
6922
6040
8521
6493
4496
2860
5215
3258
467
9674
8745
6373
3382
2319
247
834
8616
981
6732
8594
8259
6316
2471
1717
6763
4131
2504
5864
2651
6475
8696
7225
8108
5497
4319
7007
9923
5946
433
1418
882
8327
1530
3177
3130
3348
5749
9920
5831
6776
4436
3407
2366
6914
143
5967
3538
2951
2210
767
4610
773
2418
5070
5289
4975
2501
2974
4827
7149
3799
1359
5788
9016
9635
3874
3349
5013
2745
7427
9161
6707
2930
1136
7774
3128
9313
3902
7002
2138
6411
8041
2096
3290
662
5280
4348
6408
4440
2737
1990
5826
6961
3794
2296
9157
7517
5563
5006
5713
3715
7568
7781
9604
207
7765
6917
6109
9413
8863
780
8776
7460
857
5327
8429
5168
9470
9217
6119
5251
9563
2621
7455
3694
4244
2221
2863
850
7746
2336
1098
1111
6005
916
2696
4770
9697
386
8156
3334
8144
3514
7126
6405
9933
9809
2468
263
1987
8548
7603
7358
3172
7598
1356
3620
930
6784
1121
4985
5869
3602
6509
9092
5786
8103
3461
1489
8917
3274
113
2962
8463
2026
7993
4443
4445
9755
1352
4108
3818
7567
3274
6986
1012
1679
4457
5439
5279
1992
6296
3566
2895
4419
8667
5630
7355
8623
9451
3896
1259
3119
6768
2785
661
9677
4167
1459
6231
4710
9195
7651
6372
4250
584
6476
3206
5884
4899
3297
6552
5353
2533
9022
7380
307
5183
9319
2565
9063
6167
4061
9475
1386
5077
8055
853
4873
1578
2712
5619
199
3769
951
7334
1498
1047
9254
1387
4252
7857
4295
7581
2818
8855
5079
3123
3328
404
4391
6858
1894
2728
4981
9148
5185
5924
8777
1343
2880
1399
5147
8935
6136
5509
8255
6174
6213
6977
4444
426
8955
3607
6995
1131
3032
1014
8022
4288
2463
3827
8153
9964
5643
2772
5776
4611
6956
3305
9690
8127
3587
6998
6882
4479
3273
5419
2867
2183
3100
3429
9472
9751
3471
2029
8554
2790
1724
7821
992
5622
9414
3902
6302
4053
1589
5788
7231
418
3509
424
1198
2738
8829
1199
9490
3706
8619
5246
3619
8276
2332
8950
1201
6520
2363
5393
9942
7415
4275
9184
5836
6675
6331
106
9232
7648
1465
57
3481
1348
6237
6802
9816
1624
2154
7445
1635
2161
8438
5249
1825
8231
4925
821
1277
8279
4015
7198
6000
2418
208
5790
7547
1709
5868
6308
3187
5036
3624
1902
5413
4680
3104
9736
1485
3367
6150
3085
870
298
9190
3566
2320
3172
3578
5713
5421
6109
5022
7329
396
9550
8334
7947
5847
6376
4800
440
612
7791
8466
6986
5920
3299
6997
9849
7471
4823
2364
9759
2378
4463
2641
3292
6620
5904
1543
5986
8747
4261
8907
4710
7633
8973
9181
6913
690
5355
7092
7948
7475
2300
454
8474
9843
2307
2686
9367
4930
186
6721
9581
662
8179
3016
3169
6622
643
3693
6933
8329
5418
3776
3180
165
3270
4061
6530
6950
9935
8399
1421
4460
941
9217
4335
470
9439
2062
7629
6587
1691
9360
6058
8139
5820
2584
9688
8058
1846
7445
4451
5327
5473
9259
5997
5555
2995
5192
8807
2482
8982
691
5951
5176
86
742
899
4599
4686
5384
4729
2371
3720
9154
6885
3860
4417
4020
7443
6096
9021
7531
2982
8452
4199
3192
7923
1657
5983
6432
651
115
1982
3723
5337
9573
5524
5486
9647
4812
9373
8287
7600
4008
4678
5628
9989
1057
4900
5526
4818
9633
4491
7673
8783
1273
2103
9528
8472
6253
8460
4248
6322
7611
4678
6858
3882
7099
1420
3938
757
1063
9961
6000
659
7632
2473
1201
5629
3934
3688
2846
5935
7228
7916
5809
2515
5170
4923
1134
8323
5717
4717
3265
2033
5534
7
885
4172
502
9579
1452
7909
5648
9272
1141
245
3833
9126
4359
8814
7415
9978
9991
459
5891
5356
7515
7191
4251
224
5240
3304
2366
8581
1188
6656
1171
9953
2485
5866
3090
2410
4590
3846
4585
9315
5008
5920
6907
3388
9728
8987
5964
8863
6235
2877
2640
5389
4117
9705
1313
4796
4641
1962
5140
7001
256
9518
4470
311
8290
3730
8359
8811
4649
6447
341
7365
3646
5683
1315
2006
4228
209
7059
964
1434
1620
3483
7043
1879
2898
3889
9173
3918
9447
2091
3089
3340
9563
9717
2016
8740
5169
8669
8957
4029
3222
5027
624
8478
2312
3966
1945
2386
4661
6619
6492
32
4272
2137
77
3166
6934
2328
801
7228
7449
6784
1416
6428
7619
5256
9164
4303
4544
6040
2043
3646
6658
5081
498
393
4998
7589
3533
1252
7306
860
4186
6796
6930
2297
6069
2548
1835
8447
2945
2300
4512
9043
7961
8364
6862
440
829
2475
1257
7382
8880
3941
153
8510
5534
1296
1799
1089
3466
1906
7239
2814
3765
3197
855
1598
3048
5899
7970
6619
2352
9
2459
9575
1362
5255
3394
3095
6054
2627
4454
9280
3389
5965
2423
5445
4544
8250
4159
4192
2426
9551
194
3513
7638
2098
7340
1553
3103
6061
5720
22
4607
8287
6326
6490
5061
2912
5426
2885
9218
5410
682
4314
6167
9757
3946
5007
3291
2510
8391
1286
5928
6614
7914
149
9151
3675
9259
3994
8392
5117
8781
1447
6039
2803
4235
4321
3408
2990
7428
3700
2687
9876
5194
8654
997
6988
1508
3244
4069
2347
3451
4243
7136
603
4916
7401
2502
1147
610
9639
6701
8112
4839
3795
3163
4380
9447
5567
1640
4420
43
4490
1316
6567
3209
821
8813
4659
2873
8384
1277
1009
8187
4692
5166
434
9961
171
6623
317
2842
4412
9815
8820
1760
8184
6575
1409
8373
2233
106
6423
5216
6196
2689
5629
1645
9103
8668
9367
3407
7990
1538
9670
9356
710
9543
6942
2513
6908
312
9694
6587
4786
4037
9198
3337
1597
4446
5160
7715
7184
9994
4961
4519
352
7786
3003
5206
7406
2040
4831
6530
6399
6787
1863
4400
5353
4635
3336
1695
7573
7963
8800
7040
5023
3811
5640
9342
9408
9336
1672
6631
7944
3596
8734
8404
8737
1776
2532
3100
5061
292
6416
656
6365
5586
5887
7443
6260
9644
4
2485
1575
6032
9352
7140
6959
4814
7675
523
1202
2738
159
3189
4018
297
7722
2709
7332
7547
223
6257
7332
6627
6654
9784
7201
9542
8211
2285
8468
1960
9756
5285
3526
8146
7481
9408
1459
3955
9384
4087
8813
6438
422
4245
217
3730
2851
4791
7146
7013
4971
295
8455
3221
4899
8651
5738
4806
392
3756
2099
6276
4865
2044
8663
211
7979
8995
3965
5395
6246
2868
8908
2839
8566
8943
6953
3886
3386
9256
8098
9276
699
7177
7450
2378
3710
1362
3873
4414
8449
4372
7681
2271
5312
9480
4420
2616
8413
3600
699
6335
7492
9327
9126
9185
8295
384
1816
7263
9778
5571
3811
8390
4665
4670
460
2234
5157
369
5571
6385
1942
741
5933
8835
4904
3071
100
9693
4116
9500
8209
7482
9291
3828
9106
277
446
8677
2876
7298
5076
425
5477
9420
8670
6062
89
5361
1105
766
8657
9815
7290
5918
3815
4402
5229
6354
3630
1019
1430
6080
9677
460
508
6450
8529
70
7681
3775
1493
329
6996
9732
9647
6760
3784
9541
2134
6015
5004
9609
5411
6773
4601
7822
5569
2532
2518
9378
4773
8035
1017
7733
5502
384
1785
7377
1644
1990
5699
7229
7961
5302
8070
1721
2125
1714
6405
3485
6766
7564
8157
282
5142
3179
5664
4180
4450
2715
6077
6264
7671
1606
1058
2744
5431
160
9832
4320
9508
3843
4121
7472
2745
2448
6293
3198
3981
7283
4008
4407
3699
1691
7367
8218
8801
4654
8765
4711
9479
8453
8730
8700
8122
6989
9501
6681
8777
8958
4185
286
889
4779
9688
815
636
2122
3134
7706
3512
509
4070
86
3226
8470
492
6446
6340
3322
7860
5698
135
8628
1270
1736
1009
3805
1413
3539
3231
7228
7668
2039
9645
2969
9614
1952
228
6308
4147
4179
6637
3219
5666
8820
1942
8660
6991
7130
6855
6060
3807
7866
3842
8359
1107
3098
9430
7680
9746
2809
6303
1477
7048
3055
7562
9044
5462
4658
1343
4772
595
7730
9218
4592
8022
6433
1603
1727
6993
4763
5116
7201
4325
213
2330
694
9010
6014
1466
5854
5674
9216
3454
8474
9928
654
4683
9166
7935
1084
4120
8748
4929
2177
7907
487
4783
6215
5761
8772
9999
448
879
2751
8979
3330
2347
4069
249
5004
3565
710
4635
9319
1723
1960
6553
2873
5281
4637
6219
1256
8310
8157
8683
4626
365
1774
6596
2843
9235
8587
2188
5083
8700
1351
1984
8303
1466
6721
7501
5581
9788
2758
6540
1996
524
5208
1475
3773
2732
2517
7758
7182
825
1062
9256
2032
4197
2728
9419
8736
6808
1540
8362
6429
2574
9317
4614
9316
9966
3448
8900
8260
4271
2120
12
2444
201
7918
4979
3566
5488
6326
7812
5531
8451
8188
9250
9713
7224
643
7008
6242
4011
5174
9439
8916
6139
5130
6233
1270
8665
1986
7973
888
5029
2384
2158
7678
3372
1815
9996
5539
9572
9015
4704
3717
440
6680
4574
9644
9848
915
9560
8448
9223
868
5297
6430
9272
4973
9159
190
2309
7608
5367
8054
2228
952
3535
8630
6160
4053
1683
9853
5794
7822
5305
7877
6391
7942
7410
842
1968
7721
5153
5536
8212
9906
6053
7199
9845
1411
620
188
9233
9953
712
8580
7478
3647
5827
968
5196
4045
3161
3256
1793
6715
4598
5175
4078
4125
6560
9451
2913
7459
4385
5120
3961
190
900
102
1007
5949
5160
4448
2729
937
7474
6375
4877
8510
5423
6048
1086
582
1707
6893
6012
3921
8750
9878
2443
9767
7432
9206
9058
4289
3526
6647
8937
8513
107
6113
4999
1341
3311
8491
175
8930
4749
2234
8531
749
6744
9869
1615
3932
5322
890
6995
542
107
419
4730
6802
3227
6034
8153
6962
5028
450
6605
4452
8199
8942
5963
1184
9345
927
5791
7819
183
5248
819
7456
9226
8209
2559
9680
1321
510
6974
9042
9952
7481
8141
7837
933
3573
1487
1079
2328
5705
6945
6674
4236
724
992
2451
9354
9744
7052
5589
2316
997
4920
3762
3908
252
7077
568
2377
9137
7609
5792
6212
6482
7176
5599
4459
1576
1788
8124
5426
7067
4354
8455
7734
416
7571
4361
3733
7909
121
8668
6659
1477
813
5591
4221
8835
9921
2678
6045
2347
8593
5146
4958
6362
8175
3288
3453
793
6147
4583
1662
1809
3684
7158
3372
889
3388
6232
6123
2222
9251
6772
5028
9144
8045
9345
9711
1327
4076
2984
5733
2366
1879
5611
5201
5998
9464
4251
3401
5752
4266
1225
5029
877
2889
9170
5261
4320
4608
6965
8255
4914
3913
5854
657
2193
8728
6065
950
5038
4863
3511
1527
3317
918
6682
9402
4278
357
2305
6619
1857
8847
9001
1796
3545
1766
2850
5263
9651
3424
1383
5324
7275
3819
2029
3364
8609
8258
8689
4234
3625
2535
4924
8833
2015
9508
8634
6460
2466
3613
997
7804
9358
9308
9138
5290
1766
8359
3990
1544
1532
7802
2307
7823
7166
4560
7279
1618
2575
3053
7645
4484
2408
5469
5615
6056
520
4182
3991
4171
6219
9847
7720
5050
2504
4692
3835
2255
1600
5889
8200
2386
4870
4905
1397
5043
7740
7046
4234
3240
3228
9831
5602
9268
5155
9918
8979
6123
3625
8943
5780
5593
740
8015
1723
748
6229
6083
886
1076
5725
9050
6310
948
4820
2212
1746
4302
9697
6282
8290
1464
1298
6153
3263
6772
1974
7418
6715
9006
3379
2336
6561
5084
6742
125
4438
673
1504
5505
9350
8946
5382
325
9358
9382
3193
5644
3385
2788
6219
6129
8953
8157
9183
7794
6847
6166
7936
1353
8565
9840
9471
7080
6184
6466
4661
2843
3670
3020
7379
799
4187
4692
6109
12
3570
7088
4210
2777
8963
1157
6326
3635
6923
6957
9410
8219
7644
9905
324
4252
6676
7285
5293
3964
3966
6147
5605
2749
3131
5315
8170
2066
7742
3891
1986
9595
9796
5229
2169
3298
79
1108
248
4783
6718
9179
2257
9020
9360
5834
7291
9122
8770
8235
5837
1428
554
3349
5616
1717
2397
7249
6712
620
9591
7541
9144
6230
4498
8810
4065
4912
989
9367
5306
3398
4048
9500
793
6834
6188
7573
5213
2312
4524
4225
1688
8430
7945
944
3611
5174
8925
596
1690
669
6955
1513
8246
5324
3958
2858
7228
6920
8542
9248
978
5897
3272
5290
9265
664
4078
6281
5043
3418
4182
6733
6782
8853
1452
6147
6311
8301
5239
3569
6688
5609
6298
5986
7942
8282
192
1378
9988
568
1259
3224
5998
8992
3000
1861
3510
9816
6161
4457
9903
3132
2744
8956
8692
6596
4148
593
1029
5499
4060
6267
2121
8920
5682
9847
6001
7489
6141
2654
299
8808
3506
1621
8294
1888
2734
9906
1533
6722
3030
7128
9966
6219
6566
4499
202
7629
5462
2908
9404
3848
8696
2728
6067
5343
8386
6089
931
7199
9090
5766
9206
487
5994
9451
9839
7249
9494
9934
3389
5307
3021
5397
6844
3513
8540
7993
4933
8031
6700
3908
207
8497
4610
3287
7325
6280
2931
2020
741
9151
4242
7901
6740
923
7949
7765
4517
1763
1549
2680
9257
3774
3746
6952
476
9692
2534
599
4887
7625
6360
8239
618
7087
4716
1650
2357
5159
2574
9197
9631
9430
8136
3776
6296
7367
7550
9052
9174
9556
5425
5742
7039
2552
4256
8064
1881
5934
1654
922
4299
952
1240
4629
4483
3765
3329
8600
3244
1223
7341
6948
4091
607
1604
1517
4865
8837
3299
5585
7703
3942
316
4857
3187
1523
6459
1163
139
9913
5705
4820
2056
7054
2768
4431
4862
1672
3340
1096
1437
883
1977
1202
487
2872
5153
135
2565
3200
4286
5467
8452
8171
590
553
1780
1621
1652
4167
633
5078
243
6017
278
7166
84
6803
7926
9371
6637
6529
618
6013
1673
4337
3002
3649
2191
7143
3704
8487
7236
1499
3112
9850
3520
8418
1800
870
3942
8297
1688
1074
4226
7207
1085
7655
7976
5490
1009
1850
8826
1242
5163
2040
6266
4142
2870
6157
1259
4518
2589
5547
1810
8332
6673
1268
7095
1070
7265
6493
7196
9910
7058
6999
4088
3142
4634
4067
8654
6609
4523
2926
6186
7338
917
1237
3825
2959
8427
4810
1221
3768
9385
7325
9247
3829
679
7285
2518
6288
1607
3070
4672
4281
9034
7578
2682
2125
2951
8925
9443
4273
6154
460
5733
5132
7075
417
3400
5044
7738
3530
903
9608
3772
6541
1532
5363
2015
418
1055
8125
2371
9129
38
1008
6837
6776
1902
923
5472
237
1496
5681
1380
8232
4577
1215
5486
9630
2480
4168
2223
6557
5321
6321
6984
9870
843
8158
3197
3153
6668
3560
1027
9137
571
5754
1308
7603
7585
8270
1541
8616
5506
3994
7638
7641
9694
5457
4815
8104
551
7953
9806
8747
9914
4044
7913
3366
9901
352
6033
2980
953
6124
943
4848
4732
9160
4169
8180
318
6263
8131
9592
7293
5068
8142
1083
8560
6457
5644
5971
3079
9570
7744
3225
4238
686
8310
1896
3631
8704
7144
650
5492
9987
4770
6728
674
4505
7699
2062
3656
9896
4318
7626
4944
4331
8646
727
7436
906
7495
5423
8686
4443
8263
9932
9175
603
1797
3094
8944
3828
4224
8597
7455
2234
1735
5860
2919
9853
8487
6348
5996
8793
9954
567
2513
938
5887
148
3769
417
40
3401
4584
4285
8873
1926
3512
4952
1696
943
1987
707
3784
1777
639
5232
605
7790
3259
6733
1224
6616
2003
6805
4711
5427
7072
4557
6271
4296
8319
2726
3117
5010
4445
9717
3206
6601
9700
9525
1567
7420
288
7132
4786
5127
8144
9895
3769
7161
4068
3127
3329
4676
6526
6792
4219
9088
3203
2869
8127
2699
708
2449
7201
8337
4431
4478
7035
936
9869
5576
7042
8066
7366
5236
1067
7994
5159
8061
2852
3101
4436
9037
6574
2792
5675
6728
7780
6901
3751
586
1606
8853
8876
33
3091
1166
9924
3105
3680
4679
4299
593
3490
7638
5433
1796
259
8149
693
8702
7290
3613
8379
4232
841
6457
4725
6326
9848
5551
2928
7953
5965
8269
7243
5243
7364
8015
6296
3443
1605
5955
5241
2850
3302
7023
8889
5404
5286
6557
5368
6236
7909
5673
6526
9737
4474
8569
715
5446
8925
5430
9099
5204
5723
5664
6189
9483
4763
9242
8296
6909
1420
1300
8380
5746
5320
3898
4301
9953
704
1288
7507
5415
1497
6915
7668
119
1387
7701
4847
4674
5522
4690
6537
8682
6780
676
9470
4982
4293
4566
2434
4131
4949
7010
1591
5757
3814
1339
4882
7501
9328
5423
7897
8550
3968
2915
9258
2339
8064
9234
2787
7294
7773
9106
8588
2475
8960
2776
3199
6941
6957
6140
2192
6437
6926
2229
2459
1678
978
688
2489
4031
8462
6554
2777
6471
9350
1250
4692
7252
9499
4711
3008
9975
435
5373
6544
2917
1588
5616
5857
395
8295
1746
487
7031
1162
8404
4533
7103
3845
447
1618
330
8513
8641
9363
8730
9896
1637
9344
9958
7588
3537
9198
3811
1409
5551
7088
623
6613
4055
8590
9912
2182
8368
2338
2629
9614
9898
2691
672
267
8850
452
6808
3796
8906
8565
3242
4558
6088
6615
4140
4053
515
730
2379
136
8313
6415
6832
6814
7973
1451
6246
1000
6495
3573
790
9707
5424
9966
7423
5518
3377
5290
2116
9464
8697
3538
3238
7430
9889
860
5857
1993
2114
5585
9993
1985
6938
6386
4802
5724
9250
8056
7487
7907
6399
3093
3254
7858
1468
9455
3046
4394
3876
734
5685
4783
8365
2551
9465
2850
8915
9472
514
794
9724
8812
6669
388
117
5312
5878
9329
6167
4162
9160
5856
2995
9461
3536
5786
8424
7027
9092
8970
4608
5778
32
5428
9173
585
3585
2164
6915
774
9481
7702
1426
8021
4624
2708
4741
3030
9650
1860
6217
5460
2507
8270
3491
9788
7366
988
1609
5571
2316
7978
5929
8452
3203
9313
550
331
6731
3392
5833
3733
5264
7518
8485
6995
9776
3264
7272
5543
6169
330
9616
1055
6674
3888
9455
3807
2540
8385
9078
4955
9387
6413
7608
1244
1677
2113
6313
7704
4905
2674
5859
2826
3344
6708
8881
6624
3619
7276
173
7695
2194
6831
2638
4611
9259
1474
4706
5086
9474
2030
5599
3999
6099
6597
8678
4058
4323
8098
9730
9492
4605
5820
1340
5913
6000
9572
1789
5815
9893
8674
2403
2334
384
393
2643
8595
4808
7345
7193
5265
9790
3258
1776
916
5126
7224
6318
4726
9281
5491
5081
143
6328
4931
7298
5317
9589
9845
5079
1289
5399
3337
2899
6690
6439
7496
4557
5750
5759
326
762
8969
8290
9699
2168
6935
6854
6513
767
5852
979
8517
3420
2971
6602
3268
4012
8438
5096
3519
2958
5256
643
4999
6762
5517
6612
1723
9426
4654
959
8825
1654
8406
2459
9325
6344
985
386
4917
4225
5496
872
8874
6768
3340
8836
1477
9192
7554
2896
657
777
6627
9444
5285
2343
7537
3569
5622
4618
5938
4851
1106
4414
4498
2304
7992
8076
6376
2536
5608
6662
8063
1254
4223
6707
1144
8246
2995
2909
1619
2459
310
3463
3397
997
5959
4028
203
589
429
1199
3482
8679
7533
7025
38
7847
9394
9351
6880
9650
7235
3849
437
4209
1237
8583
6004
7229
5899
8507
4959
2069
8310
9654
4332
4211
625
5556
6657
480
6399
3884
8326
4490
8098
1806
8191
8438
1712
5344
936
4962
3257
6108
9949
6769
922
2716
6618
3729
7434
7986
1233
3114
2148
8539
756
6682
2548
7427
9744
9895
723
9354
4715
887
616
2299
1450
6862
2373
795
9717
400
6158
6157
1695
5497
8796
5720
2344
8275
82
8138
4437
4415
6571
5704
3597
4511
5531
5409
9921
3001
9876
8591
6684
7237
5011
6355
9903
5889
7220
1579
7735
9763
3770
5067
2750
4039
6852
9520
6495
43
8625
3462
1516
1547
1045
6260
801
3435
9633
6975
8280
3919
2281
9471
272
3888
2906
1325
1677
7375
7749
5291
5599
6595
1521
9905
4684
8724
6201
4300
711
593
6073
402
1000
2068
5960
2364
678
5760
2060
5761
7148
8985
2110
1682
265
3807
9282
2075
8448
745
9043
3098
8250
3754
3242
9829
2000
6017
9217
6410
9909
6014
5279
610
4089
7463
2390
9582
2122
2368
7231
7366
9214
7915
1416
3850
9782
2973
3427
6157
5196
5736
5200
1134
8159
2772
6559
8167
5804
4471
594
2214
1191
7592
8492
4442
6837
3854
5699
8330
3186
1504
1491
4474
1291
7759
2915
9620
62
5684
6164
5901
7622
4524
9937
8498
3458
3024
5097
9831
6576
9685
4839
4273
2906
1895
1804
9014
7840
5635
8102
6147
3735
1206
3465
8785
7543
2068
8009
6231
1386
2911
1647
8449
8125
6323
5415
6114
1917
2462
690
3393
4067
5907
4038
3810
4657
3750
9663
3814
4270
6525
2790
379
384
1910
8780
1529
3823
9046
3629
1817
990
8865
7265
6793
5501
4957
3890
1052
407
3830
6708
7359
851
2384
9313
6154
8713
79
5343
5315
7186
932
5845
6514
3901
2992
9434
4117
2178
2362
7833
6177
6504
6081
1197
2135
3902
8365
7237
145
2296
5002
3385
1039
5192
5
8817
3442
8427
1418
9559
9399
192
3498
9352
7006
1924
7961
7017
8106
8340
3840
7418
4892
7282
2357
3184
2787
6406
3038
9308
8198
7914
9850
6409
6879
661
4731
7135
2036
4611
9513
8170
9066
2253
6788
8350
1773
8477
6378
2835
9695
54
3404
7255
6185
2925
1663
7736
5937
7193
3404
4159
8533
7231
392
5449
4656
6178
2443
7758
6480
7907
8233
4911
3826
2526
4213
2118
9797
8612
9962
457
1750
2708
7181
861
1211
9344
3457
2488
6379
5603
8404
5286
828
3220
5959
9694
9388
1185
5646
6573
2719
7934
8603
9575
4740
6422
6495
2830
7103
7698
5053
4198
650
7911
8959
6721
2451
809
7977
5175
9971
9023
364
287
8351
4886
7559
3180
9654
5795
9023
5604
3331
5105
9773
1331
2563
4297
7500
63
3858
5685
2524
3718
1016
2797
2793
9389
6066
2550
6742
7784
7551
1119
4945
4533
7279
995
7834
2278
415
3428
1139
8547
8988
4501
3541
4649
8615
997
9425
7822
5251
1032
2709
2934
7000
8249
1577
4533
9187
2743
9198
4231
4512
4429
3594
4373
3666
755
5922
4124
7600
4892
4167
7039
6651
3685
6470
7525
1517
7031
1685
4145
784
5109
5815
8487
8086
7707
9485
4148
5093
3681
7570
9521
2843
2527
2623
7731
1723
5405
6975
6198
7544
5305
7059
5957
8461
2794
1258
951
3547
8730
2668
6610
2207
3430
5139
1306
630
6735
5730
3496
7382
7052
434
4139
7574
7098
9504
2815
272
209
6196
9272
81
7484
9414
4218
6842
5413
2251
1881
6290
5538
4680
8355
6205
6283
2997
7034
4911
3137
5030
9414
8140
6277
2962
9037
8471
8197
4698
3472
1356
1786
1826
7415
5195
1592
2470
5867
7963
2325
449
4040
1623
9603
6009
4864
8364
6349
1311
9995
5309
3998
1138
3792
9045
7023
3009
6426
202
9260
6852
4454
3056
1662
3673
36
4378
193
211
6729
3990
876
932
3435
8807
2896
4545
8562
6861
4553
7328
5182
1392
4041
1221
7133
7960
8555
2956
5069
4041
8021
7746
7406
2458
9276
6893
8276
8931
1108
3916
4626
3274
3580
1780
1099
8534
8291
7406
2512
5503
1071
1002
2159
8948
8403
5998
1122
9516
2750
3077
3421
2091
5949
6200
394
9285
8643
4442
2759
5117
2984
8617
3219
5242
9747
9341
752
6406
5881
8202
1509
4927
8597
4032
9402
502
293
2464
2663
8871
8313
4149
5158
4202
7571
6000
4666
5991
2718
9795
703
5868
7983
6410
787
2542
9282
8849
6138
8103
5411
4035
1924
4343
4388
9757
5585
4115
1670
2746
1967
1691
5681
1912
3641
9752
8680
536
6295
8178
7964
4437
6961
7316
2936
2073
3830
5739
8105
2357
154
462
7880
3836
3565
2510
1008
236
2632
698
7858
3655
7788
6282
2384
4959
3256
6344
3087
9327
6789
3200
4635
6520
8596
228
3730
2115
6926
6003
736
638
7136
2944
3195
983
9925
1684
291
7598
1367
645
2862
8053